1,32,47,50,110,150,260,296,318,344,356,364,367,377,457,480,500,527,541,589,592,593,597,608,648,780,858,1036,1089,1097,1136,1196,1198,1210,1214,1240,1265,1270,1291,1527,1580,1682,1704,1721,1923,1961,2028,2571,2628,2683,2716,2762,2858,2959,2997,3578,3793,3996,4226,4306,4886,4963,4973,4993,4995,5349,5418,5445,5952,5989,6365,6377,6539,6711,6874,7153,7361,7438,8961,32587,33794
1.0000000000000004,-0.09139679209112102,-0.12539069870848238,-0.10160860523905316,-0.055920028328536375,0.06974344646584978,-0.011021358549723387,-0.10764551593510616,-0.04931027976463775,0.06124974913567796,-0.046333225365464824,0.15432394318650935,0.056905282275100375,0.10328920144855418,0.05294200080377955,0.06768388490875789,0.07222999972523658,-0.042768353312149864,-0.04525101406450942,-0.00643251154668863,0.042495320194423127,-0.06543611146504194,0.020097103736481704,-0.004652305649497096,0.010558935069017242,0.027760087850999916,-0.026828205877194627,-0.022565247072259854,-0.04092788026099877,0.08287449088657785,-0.05483758044844758,0.004872023488130701,0.021254886519542795,-0.07249965875174172,-0.04786304856283626,-0.012488727748581166,0.006157318403602533,0.05251704162021445,-0.029182371242906933,-0.07833241444046961,0.09853490118862734,-0.004427244335630279,-0.05531421957273918,0.08508175905861988,0.013042103592761494,-0.0396368702606951,-0.008387394424714159,-0.13844446047243172,-0.038813967213011696,0.05073280575920569,0.046774115973739754,-0.057715744649245136,-0.037673522658786485,-0.18402805162605967,-0.03665713017253328,-0.10270567047533748,0.029860108892090172,-0.0004954050455501279,-0.11279527069510077,0.10570787642142047,0.20974549115270896,-0.028722831739199633,-0.02578241700318397,-0.05644073423889723,-0.07818502550744243,0.0899395051461948,-0.07821890713252581,0.009946203592634269,-0.06565828940000286,-0.038081395535875376,0.02541261713947349,0.19345508254802146,-0.04254686447689825,-0.0633603663068693,-0.11683449455243965,-0.06606874669465011,-0.04830904614405969,-0.09395178759864149,0.18010401522787586,-0.12940714349420465,0.002303952576891203
-0.09139679209112102,1.0000000000000009,0.24969250370610502,0.19205491840275546,-0.04728609960321967,-0.11187385335257696,0.02299805971770348,0.23319789137583308,0.14689596344046052,-0.1770373882457269,-0.058816723378578434,-0.15413718778435395,-0.17047077502966562,-0.24148208762944687,-0.0332135666332422,-0.21028774931479322,-0.2329789103348486,0.04075260220224733,0.18440064655014707,-0.010887065164440666,-0.1007431598194365,0.1164754136965219,-0.22410818815670538,0.07766446403409584,-0.19215470447944158,-0.2621029503962645,0.1294737281688912,-0.08387785784879112,0.14903947298990028,-0.11923647635775285,0.17455515046567244,0.04769551933324887,0.06561955974469115,-0.04824091020291061,0.09218770121008055,-0.000789401268640603,0.11066962555007116,-0.029351263177586805,-0.018313534413257268,0.07579200469433407,-0.14127582208972894,0.0693223057195884,-0.010932853811082548,-0.2514393976017002,-0.1123341366429785,-0.00949850471429611,-0.055034365376064695,0.12800608618622747,-0.20362514311279986,-0.1457990382134611,-0.06186328405849285,0.0936495911655945,0.2018551599431341,0.29651484040905357,0.16293774394987365,-0.13097748095027206,-0.09761243775690927,0.060676389910372455,0.22866862903951946,-0.039715210077470794,0.04733741135302238,-0.09885735542830747,0.1274178247670501,0.04883761125557721,-0.021738369494797235,-0.13626360842656252,-0.042436388318346334,-0.042555152119015345,0.008769950449023352,-0.044860493239125776,-0.18933603334402782,-0.04940392277695239,-0.06727763962564293,0.07933949911005858,0.06843033003307196,0.01263895988097883,0.23544243831334785,0.03818726319441816,-0.008912342953869615,0.09428912524606885,0.0035838405211353046
-0.12539069870848238,0.24969250370610502,0.9999999999999992,0.23757336506625684,0.06318856677436706,-0.13801872245137423,-0.028381030244412315,0.28585032257931603,0.24800575499672822,-0.22918404467392972,0.029824443374244104,-0.123140241632252,-0.25232064850008834,-0.2285234780979029,-0.05727004627419775,-0.14280779102209745,-0.23531324591933397,0.08643787166497449,0.08134684677577465,0.020131807777375145,-0.11941121416165829,0.33813595840937427,-0.19948943628128152,0.07046269239944974,-0.17187492176919641,-0.22515870331505125,0.20245395622167275,0.0004146291105243704,0.20976092182122083,-0.11746517759943063,0.09649565555556075,0.03911139002706519,0.09009047125743078,-0.04942503858759706,0.10044416554783543,-0.06144005066028963,0.05865698566967521,-0.01832719201799937,0.0077451948237819935,0.0018618048784207937,-0.24098331378371163,-0.009699690047089666,0.06771336246994746,-0.21536267579420634,-0.13275667379538697,0.0551642278726387,0.04167391402896197,0.12548136618012362,-0.18170123670907698,-0.1975685228324531,-0.09385862853939761,0.10672808724119749,0.1820366176639683,0.31766330173031115,0.03870593911918997,0.013263532608598918,-0.16226629443527357,-0.07828523300566463,0.21461628273611252,-0.08740127425270905,-0.039849611413987615,-0.03337627066802298,0.1116332262173856,0.01846202532375077,0.00954211465032071,-0.18055121134025523,-0.07110294145156054,-0.07139531116005023,-0.007872456308064815,-0.0013436482952852,-0.1392957979184915,-0.06867556421524836,-0.08520451787236703,0.028590120025567208,0.02973243931465902,0.008002090226046147,0.16509747087577223,0.0005158440214059854,-0.04989090911418091,0.07774790550580613,-0.005765335564836249
-0.10160860523905316,0.19205491840275546,0.23757336506625684,1.0000000000000018,-0.02715217503660309,-0.09844429749286551,0.12594372438245924,0.3286634308456472,0.39996274850442276,-0.3223060949471991,0.020095962539778408,-0.19563734898694118,-0.32780199764972107,-0.3472168796505276,-0.06178009955869871,-0.3036131864194372,-0.34688907476549935,0.20886575330659893,0.22880634777162426,-0.006724018924177248,-0.19782979066723036,0.21923675706923196,-0.32445390257626927,0.20849826786384923,-0.29419008941040153,-0.37153815344840524,0.3421957252052194,-0.005685564887047323,0.21385963130122107,-0.15253665573493141,0.20715235307164795,0.1151420371596775,0.1847755669773268,-0.03632891957822894,0.11684901904102912,-0.05244678463404132,0.10026581774094256,-0.024791301247866576,0.028893010617274405,-0.10293101194891902,-0.24349068085807285,-0.014232096406060074,0.08070391953507877,-0.34327149087325326,-0.21511950881596673,0.07548371242216526,0.08744734937317014,0.20675868504470715,-0.354050720671243,-0.2925224775058817,-0.10269457561387821,0.17846564920023342,0.26921896131832473,0.2836595798200409,0.11825157803655795,-0.015155212291552877,-0.1744837085104692,0.04814800954851828,0.3720332402724302,-0.0773377423403775,-0.006536519464611003,-0.07894531416694033,0.23966434494317346,0.13458722508780804,0.0036972296075731526,-0.20303437497966326,-0.02135323584512559,-0.15714542077169802,0.06826455406282776,-0.03532370581108666,-0.2795928104571574,-0.0015285068451918197,-0.0015868496568618093,0.06443998618762883,-0.001485413681230427,0.10999728431961715,0.20060127026031394,-0.009294263698546081,0.029144398360257534,0.07944027842401019,0.047329178921490654
-0.055920028328536375,-0.04728609960321967,0.06318856677436706,-0.02715217503660309,1.000000000000001,0.09236472070192658,-0.03294806721333812,-0.05880218801071076,0.097006136175449,-0.018431224775423912,0.10195904839231594,-0.033516651013072364,-0.08443464344461607,0.005099134482707895,0.03794494411634097,0.025217507449619397,-0.0169048259676129,0.07029859551580613,-0.11943448710718334,-0.00014515098850538917,-0.04347785016239971,-0.008974277510809741,0.029201811124016534,-0.09237666729690563,-0.005210890053440923,0.03765828686013913,-0.04208244049720434,0.024395052356349128,-0.053596688806893146,-0.025743882497744026,-0.05691129933755685,-0.035538518844358914,-0.018526084212304953,0.03239852171798404,-0.04893814156177036,0.0050943205103909745,-0.12011356506570924,-0.024441310687571986,-0.026023225428043893,-0.02061756629810651,-0.053654249326424965,-0.11059979123314316,0.1281763077965014,0.023979232697466442,-0.017552029880316213,0.07889092874342445,0.17611738519455242,0.04608155960188939,0.015185037020404196,-0.06438234297813046,-0.09959701274658067,0.03772475019845416,-0.08243139274948737,-0.01709338714672541,-0.10486856401465852,0.22808801589849542,-0.009961514379417467,-0.0714551854102417,-0.061166456983138724,-0.03311640022129983,-0.06529667303185593,0.041438242849660516,-0.10149796692314489,0.04256282477760404,0.0912400669986242,-0.04830802356263135,0.020762195372477723,-0.005887028690177053,0.060193673334586806,-0.04343010721787999,-0.007543954854990142,-0.0428593739330486,-0.001719531436225846,-0.09353710819115876,-0.08364426318518585,0.06785863457029896,-0.11319395143191308,-0.07311451730428724,-0.0599804190996085,-0.040682508584040954,0.02183358762977231
0.06974344646584978,-0.11187385335257696,-0.13801872245137423,-0.09844429749286551,0.09236472070192658,1.0000000000000009,-0.11541120712589786,-0.20074139942763422,-0.057208105265081494,0.09530839844906859,0.04618634286553987,0.052132818227000235,0.05768567719872226,0.14220364548555428,0.16847886730629022,0.1356005091792418,0.1303600404746844,-0.0004950253733202007,-0.09632783704631415,-0.005159301841377003,-0.016126709419171593,-0.09206632261287682,0.15123235589308365,-0.015042355508755652,0.06047101895762477,0.15553801644164691,-0.09634937295866701,0.0022161075173437995,-0.12872312227369145,0.08671099869594756,-0.06151336519388821,-0.11343476573939602,-0.07924080107270735,-0.0738028879224101,-0.07889503687845624,-0.004411881691055893,-0.03929565378748946,-0.01814807003426397,-0.050366656368372745,-0.016136830955047417,0.05818162775349419,-0.016025538131800694,0.06107409649752813,0.11170240029195914,-0.0015376797191317432,0.0585746325318627,0.051618764702421535,-0.1484861460772627,0.12148098725952172,0.05015444799350423,0.014248386164677421,0.018320249714870344,-0.1193226441812355,-0.17330304982717995,-0.04833152583426028,0.0784489681445728,0.015121883614884086,-0.051556110141806485,-0.13278128366425113,-0.009022525771757006,0.002889954772605322,0.0759116930006925,-0.08315470279525221,-0.09599922026103255,0.08785911782320886,0.03761448343900435,0.02920558295768834,0.06535322467723276,-0.08157159683560905,0.06322939494227482,0.07963141989824225,0.003773663881463044,-0.031116498202044277,-0.07845022905824352,-0.1310091039357735,-0.06939865933173743,-0.1397915486483986,-0.14061866308043772,-0.029424674535532203,-0.11776328168511643,-0.014575674896192109
-0.011021358549723387,0.02299805971770348,-0.028381030244412315,0.12594372438245924,-0.03294806721333812,-0.11541120712589786,0.9999999999999999,0.1022408740127607,0.09756879200165364,-0.19425641634760357,-0.038786069704142064,-0.1307251709395262,-0.2097522593116679,-0.2246425173779063,-0.04095121704258775,-0.10828302436869647,-0.26887984699180467,0.10444449741274564,0.144811788578657,0.05259431923646512,-0.0925034387559151,8.427763893347883e-05,-0.2005736630219754,0.042026780135284,-0.2290274268874297,-0.255324082747091,0.14749581812022616,0.046188597095260533,0.02658670409233738,-0.020451326135342878,0.13598167310814444,0.6364682339464092,0.33620652088518105,0.4877925009020247,0.12046990879018664,0.08981570125380013,0.0385734665475035,0.07345331583254465,0.16181688248697854,-0.04389357612856598,-0.11106390998534801,-0.06458973136847997,-0.05245259238937697,-0.1688783586796954,-0.15845988817755663,-0.06552348496666961,0.037936837210790275,0.15495127576035803,-0.16808811221119552,-0.19448919605172282,-0.0066135440908905935,0.008822080822284403,0.009972358055513289,0.0539396411363615,0.030167869796192046,-0.08825343186958015,-0.08645135115448263,0.026298736748514132,0.07368625039672219,-0.01194712197301411,0.013803657156662413,-0.1746262323852448,0.04551844754076749,0.18137818828250904,-0.10583518516998339,-0.1291482289972893,-0.10418327941828333,-0.15580947160731848,0.13095241773121163,-0.1514660549919728,-0.18380926549698962,-0.013787415777920909,-0.02320161194823123,-0.009156587676081419,-0.04802769137051395,0.1578958248546745,0.04707827067877225,-0.028578969141327317,0.09001048265830769,-0.004592281940262586,0.03691031582867594
-0.10764551593510616,0.23319789137583308,0.28585032257931603,0.3286634308456472,-0.05880218801071076,-0.20074139942763422,0.1022408740127607,0.9999999999999976,0.3032001498087013,-0.2679239369994671,0.02925175348373318,-0.18934123382630386,-0.2999744472763013,-0.35287943987549864,-0.11309514881726986,-0.3229863678596754,-0.3365567603906562,0.14916828342106914,0.14541066430255054,-0.03924991882466207,-0.1311369619968255,0.29950393281854015,-0.3315740389936774,0.24278582444971325,-0.2562424667090171,-0.3972749874595529,0.3776085788851224,0.006455204014941119,0.414836146019769,-0.17367644606193605,0.22374523127226478,0.13558020090259582,0.14433661243381626,-0.02369353131344814,0.16375509054430898,-0.02640331248821278,0.05681139959741166,-0.05326713060375061,0.004131610485709867,-0.05771587304790241,-0.296177177699377,-0.046241903659862,-0.01931018854741177,-0.34776709322352345,-0.14521935723490711,0.03737940620716166,0.04493108619796184,0.18600573102288628,-0.3455432319776776,-0.21241236133113306,-0.11110521899846683,0.033813017842147935,0.28788414140513663,0.40928536091555034,0.13557730024412765,-0.049841268978739244,-0.25136696596316854,-0.011008554095758835,0.29610071248700637,-0.08964023090261969,-0.044570573733231554,-0.10457953809002896,0.21981698456134885,0.06158002944412192,0.004715849486471841,-0.2556662318424339,-0.0817282651964004,-0.15225217370846875,0.004765666340541836,-0.09593200850323176,-0.25680251139817745,-0.0489791242533098,-0.09409153417610587,0.09832026879598074,0.19303791500390535,0.030895347089482376,0.19324731528754552,0.19602946918073427,-0.00557622787026542,0.166519018853621,-0.0031951515347573615
-0.04931027976463775,0.14689596344046052,0.24800575499672822,0.39996274850442276,0.097006136175449,-0.057208105265081494,0.09756879200165364,0.3032001498087013,0.9999999999999981,-0.36433068102346083,0.20777393787091397,-0.1686567998276694,-0.44093901261000784,-0.34975814141141254,0.00307607112098343,-0.2603207784971193,-0.3180423466940492,0.3081054151423446,0.07724627334723703,-0.017744763249120728,-0.23474666269536454,0.2578351082879359,-0.30073128936677895,0.1153494832473078,-0.33062356626108047,-0.3653722105158055,0.29257675100652647,0.01674813643358533,0.12952277509321605,-0.10378165211222948,0.16689690402607024,0.13753872088198246,0.2040376016977625,-0.008637515950772784,0.04036767047238819,-0.06989448743189741,0.04035647166023723,0.02913966338078742,0.05979527487767256,-0.08179084600614453,-0.28587276170373244,-0.008433631558124,0.16675140580735504,-0.3011307171014121,-0.22920511508701807,0.15168737236557922,0.17807944239348744,0.2253545453653032,-0.36077910549457853,-0.3241390136144878,-0.13792652716440118,0.17362499918120125,0.27545655135263825,0.25664677593709895,-0.0028888934174634423,0.05635317687831837,-0.24703486180341938,-0.08919760923554268,0.2890859313819892,-0.0022977259993759544,0.023936160578808364,-0.08857085587028488,0.24573475053875984,0.10811478875383003,0.141785390831485,-0.21892068353419683,-0.00864931172839464,-0.1537701808022701,0.07971732797656125,-0.013033444249402197,-0.28339911886769026,0.021296184760166956,-0.03870340084202633,-0.027293065183069096,0.016516510832371142,0.15449451429142297,0.16415875586641324,0.018640229499425818,0.041656263281993296,0.06217828402908206,0.07931179326571439
0.06124974913567796,-0.1770373882457269,-0.22918404467392972,-0.3223060949471991,-0.018431224775423912,0.09530839844906859,-0.19425641634760357,-0.2679239369994671,-0.36433068102346083,1.0000000000000013,-0.06667733263524273,0.11510434243882596,0.5004791958119641,0.32355150981723163,0.0450376503341952,0.23036541609568906,0.3754807811731649,-0.29552751860901194,-0.20057337623912083,0.026213544155121237,0.24841932135934588,-0.20223619043143048,0.2962773303245558,-0.11703274588999692,0.3034774391102424,0.35218128070360427,-0.275388435454229,-0.03674283734365601,-0.17796671996664873,0.07754209293961199,-0.18318698554060117,-0.20764964907908603,-0.2548589387189167,-0.077546954460898,-0.14227918977507878,0.026078559026788087,-0.02672677753542834,-0.03811481905240906,-0.1327691769426442,0.05310254000465977,0.23224209556828027,-0.016430337686364586,-0.10739942279744154,0.26660832222987507,0.2506738982743516,-0.0677760660564116,-0.1412839412497818,-0.2725135429696587,0.33638820441362144,0.3862159700664797,0.11018600382692428,-0.22127193037528062,-0.26176452599412076,-0.29661110602279367,-0.11266743918391915,-0.024893412253848033,0.15729673106914213,-0.032128196498544585,-0.2854052647550258,-0.032260240132209295,-0.08568865784354761,0.051250828169980674,-0.24574719361311465,-0.2408408639173472,-0.07530571268030797,0.1629067785448567,-0.017518815122978433,0.09578970508727014,-0.19651887259489353,0.011978115055595637,0.24895366401313887,-0.058059430974090345,-0.013866469685863985,-0.045253453060207414,-0.07015663466004046,-0.24135678581764122,-0.21717120237657223,-0.06618893803077826,-0.11910197027378386,-0.0870274487357158,-0.09277786262640346
-0.046333225365464824,-0.058816723378578434,0.029824443374244104,0.020095962539778408,0.10195904839231594,0.04618634286553987,-0.038786069704142064,0.02925175348373318,0.20777393787091397,-0.06667733263524273,0.9999999999999994,0.01938019937519251,-0.09499836371062155,-0.12284657594182986,-0.02225394159010779,0.004713547066724909,-0.004674197449326143,0.1972025464868474,-0.11961912544655366,-0.00982979484102159,-0.09706612013718066,0.04488132281484748,0.022803899189357622,-0.036392680751992194,-0.09133601193288125,-0.053214840910646086,0.012894535368750643,-0.05395968486254289,-0.005920228294662945,0.02144348054839672,-0.031435518483031395,-0.08658551697313784,-0.06620494985301935,-0.009228392067453479,-0.11048647439452694,-0.07102003380179832,0.026685426515408027,0.07808939879413548,-0.012567171098622376,-0.02546311038392895,-0.07881026413996382,0.04886500474438078,0.10627911499174571,-0.01954567808528435,-0.00522823957820473,0.21309987496456625,0.14306136960760327,0.01821016082968301,0.00327888000933837,-0.07292173624257174,-0.06451163414203878,0.05944199445914803,0.06723129899295979,0.03500492869586537,-0.09590758256049996,0.06479779295920703,-0.14491518800538902,-0.10219582728628487,-0.004997009841703736,0.04914386142902532,-0.013632573674594963,-0.05395214431615289,0.06912598846486921,-0.01760581433716841,0.1258803159346623,-0.09768889803926485,-0.033849222758619596,-0.03930795860686307,-0.03739716070629042,0.05448517455962132,-0.03146357043203803,-0.015140338729276608,-0.05950440438636233,-0.10395928426451308,-0.08999964092563505,-0.005428930544128576,-0.07191731970083241,-0.07067850738454082,-0.06152996268780223,-0.08107712929492845,-0.038429457914888526
0.15432394318650935,-0.15413718778435395,-0.123140241632252,-0.19563734898694118,-0.033516651013072364,0.052132818227000235,-0.1307251709395262,-0.18934123382630386,-0.1686567998276694,0.11510434243882596,0.01938019937519251,1.0000000000000002,0.15090821143632382,0.156117578898976,-0.014420954726161566,0.13926347324479027,0.22262808321132393,-0.07744328749183675,-0.11909111035969742,-0.03789433387534597,0.09572627722835628,-0.04708805018176096,0.16364919261499747,-0.08202732546174224,0.12718683727543503,0.11342886139284636,-0.1278880353643282,-0.04471002322486277,-0.09939468328708269,0.12375566951021018,-0.09578356133111829,-0.13963206294311703,-0.11768321139131302,-0.039480804174984035,-0.0657729376363319,0.01582114970125445,-0.06705190253305104,0.007420632234887561,-0.03607227719194296,-0.06391898797569623,0.11869346851611885,0.015322609226266467,-0.04221346109227004,0.22919520519516473,0.05266964548141643,0.01581369252771561,-0.08857714545236814,-0.17272034949110407,0.1346524869260826,0.1119220677238933,0.01360350921318026,-0.11111527136514347,-0.07444316633208382,-0.16419436803358578,-0.10417931020947782,-0.01876177340488002,0.0674753546622091,-0.04664112719011916,-0.15369692714078728,0.11418423157347668,0.06179525666163934,0.04420629959346035,-0.1061625543889456,-0.13943478626450428,-0.02149544774350401,0.10291202330789359,-0.10523577937972871,0.007568684554617223,-0.08584977924917361,-0.04783853783266809,0.08885999455539957,0.16956817123491646,0.018311164115292617,-0.07001086268897024,-0.0691317515964516,-0.08205069585985963,-0.10214852604042328,-0.05813599005255855,0.020786996590103766,-0.11439201443167558,-0.05212385350476807
0.056905282275100375,-0.17047077502966562,-0.25232064850008834,-0.32780199764972107,-0.08443464344461607,0.05768567719872226,-0.2097522593116679,-0.2999744472763013,-0.44093901261000784,0.5004791958119641,-0.09499836371062155,0.15090821143632382,1.0000000000000009,0.3891465745925957,0.0017648497314096479,0.2737262504223108,0.4178795348415797,-0.2517216359962497,-0.14824365267203263,0.027998309564549732,0.23539448085186393,-0.23952725422118043,0.32044295160969605,-0.11574949353463443,0.3181654924559133,0.3679326132233757,-0.2650196760440356,-0.046843294634892854,-0.17658609047792298,0.131150271264496,-0.17806838612564604,-0.23642222467361904,-0.2763287438911018,-0.09778207076739291,-0.11722345417945533,0.07309757598999403,-0.03345892242674537,0.00707732502255146,-0.173134087974444,0.06013177135589011,0.3026126887342999,-0.009938525383852601,-0.14540504716293226,0.3199038041967643,0.23107903257570114,-0.08643888672551742,-0.1350927365214051,-0.26854491532328195,0.3611084756110891,0.34498236477152383,0.1273125121507958,-0.18948058651763575,-0.23877966958265587,-0.32326230608092393,-0.06872206586026772,-0.04512626194746109,0.15606648638967346,-0.014941877874528038,-0.2994290279938482,0.01582484334652096,-0.05944162464613522,0.027394401910859165,-0.24413833293068102,-0.26243851117797073,-0.07320849498012018,0.17140862217546987,-0.01809921186821255,0.09326199002585116,-0.21154667086642373,0.03859310276684298,0.2556981318383483,-0.055818806401598135,-0.03882802930618202,-0.09044611117717745,-0.07952120157157233,-0.28476643240359545,-0.21745449371747505,-0.07707923755855617,-0.09133510883331525,-0.12386562548201445,-0.11835362450827633
0.10328920144855418,-0.24148208762944687,-0.2285234780979029,-0.3472168796505276,0.005099134482707895,0.14220364548555428,-0.2246425173779063,-0.35287943987549864,-0.34975814141141254,0.32355150981723163,-0.12284657594182986,0.156117578898976,0.3891465745925957,0.9999999999999991,0.12091708018858237,0.3241256972573592,0.3757165679572938,-0.2377047521386905,-0.23973955244518275,0.0494447015117406,0.1457279647936311,-0.23530576593061459,0.3935045623351784,-0.1618683666033739,0.3441647372365894,0.41420980417200065,-0.3131511488254017,0.07906033887377784,-0.22715559407112396,0.11283413792591708,-0.26178798587953567,-0.24020421413531662,-0.23126692314503108,-0.08626535642514724,-0.16288550304552277,0.03672412887609482,-0.0952937024973706,-0.024916297462789224,-0.11341838069627191,0.05573692399243595,0.2851360653342827,-0.004474264872596313,-0.11382849312873274,0.3731294148564914,0.22242120918519903,-0.06453609075100901,-0.12214819839334477,-0.20068421530318098,0.3237703159455157,0.21234612422269838,0.093962903685606,-0.1210350534947482,-0.26091578624794914,-0.35555714374847036,-0.1337230979154425,0.015930170713574932,0.19732212370848562,-0.08276280816508624,-0.33092334912827753,0.010962178332020619,-0.04042067570834803,0.1361800211068004,-0.25580842314573127,-0.21173596922299173,-0.06817724325206216,0.16719551315038061,0.012792248596921095,0.14488360131968672,-0.1727924949253369,0.032456340620885094,0.2654818464980194,0.0023125067950548264,0.034037218397911545,-0.10261686130403759,-0.11425357285745066,-0.18528521194110015,-0.19816032536696115,-0.09767554772674768,-0.0472509384048905,-0.15370747155671707,-0.09166975937360416
0.05294200080377955,-0.0332135666332422,-0.05727004627419775,-0.06178009955869871,0.03794494411634097,0.16847886730629022,-0.04095121704258775,-0.11309514881726986,0.00307607112098343,0.0450376503341952,-0.02225394159010779,-0.014420954726161566,0.0017648497314096479,0.12091708018858237,0.9999999999999983,0.0939978607223025,0.07692388340830796,-0.04270471518632024,-0.06111386004788652,0.0719887521126075,0.010856404839344214,0.0030386097424361783,0.08042474575051711,-0.050929852973859976,0.062253241369264606,0.06552632876339483,-0.0424549447402291,0.12713333778550265,-0.057333393415285205,-0.015594070643372244,-0.06362441524595451,-0.045154510274665084,0.028282309306034873,-0.031063152811587794,-0.04853604073247301,0.04099628316905593,0.046151206228345065,0.07004669126095525,0.03210070468098876,-0.007125513155422845,0.0645655124985265,-0.003377202565329725,-0.025254286222720322,0.05046708864921616,0.003366203443355114,0.026637046121671355,-0.00919533763045361,-0.07231326789344392,0.019857383770484325,0.004546637368102216,0.033451940449651094,-0.002124266333421528,-0.1154195518998223,-0.1329654459587205,-0.06704870347569472,0.04922185105411119,-0.00970894745643905,-0.06484110663005486,-0.0819309237002683,-0.014557446172180737,0.008374934697005303,0.03436017269358275,-0.10588436798007811,-0.08541773512334938,0.021374393596240007,-0.013601339126250942,0.06807790604608685,-0.005295313709695357,-0.0682819240242851,0.054642677988390745,-0.009395769123881587,0.03289079653569502,-0.0014358399258067442,-0.07917863411897919,-0.12396101609008028,-0.057286412196078065,-0.11580212091500322,-0.12400112257817551,0.022997528660019997,-0.08354529423576965,0.011158222383318246
0.06768388490875789,-0.21028774931479322,-0.14280779102209745,-0.3036131864194372,0.025217507449619397,0.1356005091792418,-0.10828302436869647,-0.3229863678596754,-0.2603207784971193,0.23036541609568906,0.004713547066724909,0.13926347324479027,0.2737262504223108,0.3241256972573592,0.0939978607223025,0.9999999999999996,0.29088205352659163,-0.15940225500566352,-0.1841227261276238,0.14457367507451777,0.14977577630340727,-0.16094932936222026,0.23367475276775557,-0.155030545896826,0.22284126478422056,0.39944048402975296,-0.235220076233062,0.05622993925181719,-0.1927154352413875,0.16499321659301755,-0.25055870714363954,-0.09800334018342897,-0.09362188713638904,0.02497174577093906,-0.05443669789519128,0.08645279341425842,-0.08366205196341991,0.04447266317299087,0.03688978670079616,-0.005310202753739577,0.20925965116340234,-0.07698060767049655,-0.10925791052064997,0.2873379151959168,0.07337247724900473,-0.06808689992146746,-0.022300744675782573,-0.18578976572369427,0.24328734840048583,0.15641512295016644,0.10696037919113294,-0.08828742951573519,-0.2269132923798081,-0.2833413433480092,-0.17724050673390526,0.042154370102751686,0.12411835897982994,-0.10989835879642654,-0.2738436061154875,-0.05281657454668996,-0.0705812020163765,-0.014003471035994057,-0.2674121940587086,-0.13551086455631398,-0.1017617314415597,0.16485515162481332,-0.03882403397844566,0.05524201902936942,-0.08743892208588616,-0.0018529461880694529,0.203012354595974,-0.046483178301191884,-0.02443837988362768,-0.12253238674077196,-0.15267793961374038,-0.10630710432252256,-0.22954003715922788,-0.1542067993772718,-0.08936796296749006,-0.15638789685857307,-0.03490982809559418
0.07222999972523658,-0.2329789103348486,-0.23531324591933397,-0.34688907476549935,-0.0169048259676129,0.1303600404746844,-0.26887984699180467,-0.3365567603906562,-0.3180423466940492,0.3754807811731649,-0.004674197449326143,0.22262808321132393,0.4178795348415797,0.3757165679572938,0.07692388340830796,0.29088205352659163,1.0000000000000004,-0.22296947473367215,-0.23209000093083815,-0.08932047643522215,0.1995710907144325,-0.18725720646332708,0.40426499805244265,-0.17045510735943187,0.2998008618518477,0.3635384551825283,-0.29424058158668626,-0.034402601535198044,-0.21969486022026075,0.15195181683942274,-0.21063345843884,-0.28216550376384847,-0.27239019434183825,-0.09793437911593923,-0.19340010137328917,-0.04892667910910086,-0.01712643055181285,-0.020458161806625345,-0.08644613359098895,0.022475935495903872,0.2463906405822027,-0.0054115169049692765,-0.040263833739442624,0.311713537696785,0.17232723898026964,0.028300969793711814,-0.13729277152702096,-0.25132096085498595,0.35122351212748243,0.28092051964450065,0.0876734131385177,-0.12419725439663817,-0.21561121463782393,-0.3373439231489743,-0.12058347440296668,-0.004797977270189629,0.1534518885514507,-0.07538359356536681,-0.2812657681375808,0.012799481921010854,-0.028152438782394398,0.07707609705076456,-0.19760049473561037,-0.21157614738913136,-0.027271387971762234,0.1605781827157911,-0.02120638154030326,0.14792025069020456,-0.17489299713504405,0.0995253609870767,0.27244806078429845,-0.011103015720097713,-0.028641052143036,-0.07131167569211005,-0.12212193046366296,-0.19653571795128494,-0.23795014329269476,-0.060052788943946174,-0.09596021590403822,-0.14836673897861605,-0.11830930747124382
-0.042768353312149864,0.04075260220224733,0.08643787166497449,0.20886575330659893,0.07029859551580613,-0.0004950253733202007,0.10444449741274564,0.14916828342106914,0.3081054151423446,-0.29552751860901194,0.1972025464868474,-0.07744328749183675,-0.2517216359962497,-0.2377047521386905,-0.04270471518632024,-0.15940225500566352,-0.22296947473367215,1.0000000000000018,0.056087932145581776,-0.12917736686724096,-0.18459811321524475,0.19146320322456578,-0.14799362339023775,0.1366786162666397,-0.18769739204092828,-0.22417259166312195,0.2266434444573869,-0.05709920393069073,0.05979458688587239,0.03793040685047029,0.1033054702284915,0.06553276877700356,0.14798524842825686,-0.016467453744753426,0.02255607711178842,-0.07718590803520577,-0.011707692883654787,-0.009899453156916522,0.01233422599048707,-0.10887549101921656,-0.22515919939882956,-0.01757786053778718,0.09040830755864004,-0.14595254272508199,-0.1491592197281683,0.17202685024636558,0.23447877749104482,0.04605756480986839,-0.21634237626333513,-0.21338790091621077,-0.1272312700000921,0.1439282110689189,0.16263974659746405,0.10283402520800494,0.010857499771227548,0.03069620479368464,-0.12251999986890748,-0.007939572794602025,0.1461781756420739,-0.02075925428967306,0.011776345946036073,-0.060610353987251925,0.12302685175447775,0.11773432711624601,0.11465856085723782,-0.1559248680871806,-0.04629870708642741,-0.03770451826164778,0.09821942228285929,0.018603626253588648,-0.2035838943412166,0.015375054488515505,-0.06866380505933699,-0.034184181032832446,-0.06447099769606568,0.14360075204550785,0.059109653590740434,-0.05109141641685403,0.05472997194494767,-0.017750516743085403,0.015687188228265824
-0.04525101406450942,0.18440064655014707,0.08134684677577465,0.22880634777162426,-0.11943448710718334,-0.09632783704631415,0.144811788578657,0.14541066430255054,0.07724627334723703,-0.20057337623912083,-0.11961912544655366,-0.11909111035969742,-0.14824365267203263,-0.23973955244518275,-0.06111386004788652,-0.1841227261276238,-0.23209000093083815,0.056087932145581776,1.0000000000000002,-0.017255457028342625,-0.06627051362097422,0.0550374724531195,-0.24680187037121734,0.12961215608521592,-0.1970158716521886,-0.30440202506681946,0.22452523551942713,-0.025637225241229182,0.12981592942302428,-0.037549439491557944,0.13532155844467889,0.17925542022761398,0.17563454604529571,-0.014243299069061483,0.2533268652112299,0.09678423059939222,0.09398070930620461,-0.031111035713635965,-0.0012500444639347889,-0.05893005809959734,-0.12043779676224937,-0.006030469984087588,-0.013402274892599146,-0.14747309379835843,-0.15764607472383277,-0.04140167414243616,-0.012054589970269635,0.1037181247313566,-0.23500055844472864,-0.17101306208279687,-0.026455177844875402,0.009306311419977738,0.10140556038811979,0.15322177868295714,0.09992233454458621,-0.1217524412986975,-0.14855241400860766,0.13359801827569875,0.19064334678554357,-0.04609467849174497,-0.0061170989678185,-0.138902230763864,0.15123979421997077,0.11484650378020664,-0.03814771204537809,-0.09270461382529716,0.0020458851485254882,-0.08520635465994053,0.08003756086365159,-0.03419508383827501,-0.18509945205756642,0.01834712534552339,-0.09023586147722411,0.14109717927643242,0.009902228994478056,0.0776673221507303,0.13112711459606122,-0.021441451809478686,0.0483497115838115,0.0597173925024817,-0.0003552122024354551
-0.00643251154668863,-0.010887065164440666,0.020131807777375145,-0.006724018924177248,-0.00014515098850538917,-0.005159301841377003,0.05259431923646512,-0.03924991882466207,-0.017744763249120728,0.026213544155121237,-0.00982979484102159,-0.03789433387534597,0.027998309564549732,0.0494447015117406,0.0719887521126075,0.14457367507451777,-0.08932047643522215,-0.12917736686724096,-0.017255457028342625,0.9999999999999977,0.03998767336226074,-0.038927066437075324,-0.005753310087037201,-0.050181646935257715,0.004422590943808674,0.03385118495933657,-0.004663788703850141,0.1474377451768612,-0.007098637180631354,-0.06855874947246779,-0.017669812309249956,0.05700926786054741,0.0411446599251356,0.0608992732083962,0.09818966988495315,0.3635237210667369,0.01705492981679357,0.09820259916210453,0.00885191312887267,0.010534496819991562,0.02960116631649205,-0.05373457851871266,-0.07865795032694413,0.03800811798177569,0.008917961538382022,-0.057207103925074845,0.010933332781712199,0.030311186917067245,-0.03878861935289955,-0.010556011513208622,0.05953249347273855,-0.051906363667525324,-0.10891910499339846,-0.019453887921436857,-0.12867779237692606,0.04513241257543664,0.02573524964254235,-0.058065732803861146,-0.02659742126559848,-0.07535059463177185,-0.047699315055186146,-0.09757607534769332,-0.14510892999612732,-0.04917671211898577,-0.12505173281701554,-0.0140721689140257,-0.018939113886742465,-0.040933665039328215,-0.08496855888577184,-0.07852737229724263,-0.00735102438679357,-0.05767612213795233,-0.05759000313921313,-0.11923143545847249,-0.048889423280145776,-0.05889240659212352,-0.0695751926088088,-0.07683338533990722,-0.048279167376993344,-0.0359703269514966,0.004277817617138474
0.042495320194423127,-0.1007431598194365,-0.11941121416165829,-0.19782979066723036,-0.04347785016239971,-0.016126709419171593,-0.0925034387559151,-0.1311369619968255,-0.23474666269536454,0.24841932135934588,-0.09706612013718066,0.09572627722835628,0.23539448085186393,0.1457279647936311,0.010856404839344214,0.14977577630340727,0.1995710907144325,-0.18459811321524475,-0.06627051362097422,0.03998767336226074,0.9999999999999988,-0.11896007982997711,0.1572458385785165,-0.11897097743295633,0.20340375701038046,0.20011919887892632,-0.15498860339611364,0.03199018043004956,-0.05434636084898553,0.09164254400021592,-0.1082998324632383,-0.08007101670663526,-0.16524258641298134,0.026962689072027344,-0.01268445875646326,0.04976532902839634,-0.04984421169751893,0.03540984638081662,-0.0010521260342281572,-0.003191948447595633,0.10532615449868993,0.002924609488998282,-0.14096051826234204,0.13623266946292278,0.033431591232585114,-0.061620997248382874,-0.11689700143006539,-0.207114558863002,0.1642728765949665,0.14134508966773007,0.17290762838856089,-0.1847792898604395,-0.16108344720322818,-0.1194455227326901,-0.07120703897018227,-0.03532252090256225,0.1284762144444854,-0.0031340094562948948,-0.20678297667700685,-0.035480159787586556,-0.05866059918978187,-0.0087483205610396,-0.1489958304666315,-0.15884428610345444,-0.05527922582300314,0.10560540832046224,-0.033261849741828116,0.04769811671131156,-0.1328740174592116,-0.020979374052371182,0.09976353465526536,-0.07272308076262869,-0.043564713964725575,-0.008917884821541083,0.008698514856976149,-0.13395394493269905,-0.0986539087642064,0.0024475595995497096,-0.078120174849633,0.011619908922473709,0.014013963349814041
-0.06543611146504194,0.1164754136965219,0.33813595840937427,0.21923675706923196,-0.008974277510809741,-0.09206632261287682,8.427763893347883e-05,0.29950393281854015,0.2578351082879359,-0.20223619043143048,0.04488132281484748,-0.04708805018176096,-0.23952725422118043,-0.23530576593061459,0.0030386097424361783,-0.16094932936222026,-0.18725720646332708,0.19146320322456578,0.0550374724531195,-0.038927066437075324,-0.11896007982997711,0.999999999999998,-0.19238169740658606,0.15265712738358891,-0.20873748847594484,-0.26076071628826475,0.27933735521684067,0.01664726642795736,0.1661786285962434,-0.049598826622227817,0.09921824088734121,0.024390821927880373,0.10631566065919278,-0.06214573256831548,0.15770760941971038,-0.018433573851895604,0.03189367584617265,-0.048238221927822865,-0.02219736748770659,-0.1005133289219186,-0.25236579955761185,-0.03235374346836557,0.052232446665702724,-0.19491044462039633,-0.13240820189476515,0.10132499879328022,0.08538361295882058,0.03697392141435369,-0.21892709666501137,-0.17192728640484262,-0.13107690862745652,0.1143782936262402,0.19443228871796042,0.21651589830688506,0.07088894316359967,0.0006477866690933415,-0.1925925023626164,-0.056150416184837744,0.19407262091395996,-0.05197754448962839,-0.043452803029393326,-0.08391786451358209,0.11696109493438024,0.008776816396626426,0.049625010536231,-0.16686726907291777,-0.04726564561070067,-0.0949564578971238,0.008278924294970891,0.0026310858060723434,-0.18816291199383048,-0.009119110603660292,-0.108395556804083,0.04378518862303099,-0.0003526946916605871,0.033637101399488785,0.10272064103163886,0.01216142263731958,-0.03826474432594652,0.04325230866104972,0.02547095399772647
0.020097103736481704,-0.22410818815670538,-0.19948943628128152,-0.32445390257626927,0.029201811124016534,0.15123235589308365,-0.2005736630219754,-0.3315740389936774,-0.30073128936677895,0.2962773303245558,0.022803899189357622,0.16364919261499747,0.32044295160969605,0.3935045623351784,0.08042474575051711,0.23367475276775557,0.40426499805244265,-0.14799362339023775,-0.24680187037121734,-0.005753310087037201,0.1572458385785165,-0.19238169740658606,1.0000000000000007,-0.18504599209689895,0.2905195549665074,0.3626568276640979,-0.3076361990921762,0.007483726519065191,-0.22464156282198441,0.15519185324405388,-0.23771918650876966,-0.25336451761487755,-0.25262213343895146,-0.07709039677487509,-0.15890746431216107,-0.02680724384308887,-0.10828098237516084,-0.022055626918558852,-0.10155159538597815,0.08786419545675372,0.18856784362984885,-0.03668504382298711,-0.029555722686072275,0.34155397065598747,0.17225593055574714,0.06543810160233306,-0.0735279943109076,-0.23981056619202795,0.338541008245897,0.23354091041489605,0.07633481950659875,-0.12340465990289597,-0.19613267167456871,-0.28482077896390834,-0.11964779666843774,0.03941507281125496,0.13645172411906478,-0.07494076659546606,-0.3020265923246476,-0.024032675400368072,-0.060179344502843755,0.1495924954085819,-0.2097921790469646,-0.21635165255165353,-0.007733392675601703,0.10432639401488777,0.056404731508058144,0.08482881175406774,-0.18146893273930312,0.03333257039119742,0.24840022442930607,-0.05326385842165196,0.008991640798880684,-0.07187980314504629,-0.100991622226459,-0.21142113128976397,-0.20645867256585368,-0.10792354269486616,-0.11735867283471725,-0.11869464133439883,-0.0815278650958013
